-0.35196 0.02423 0
-0.24203 -0.17728 0
0.00083 0.28436 0
-0.20959 -0.20865 0
0.26166 0.07742 0
0.28159 -0.09894 0
0.22913 -0.37857 0
0.01877 0.08798 0
-0.31515 -0.12906 0
0.34168 0.00836 0
-0.47131 -0.40698 0
-0.21454 0.30927 0
0.18247 -0.5618 0
-0.3771 -0.24341 0
0.11707 0.38587 0
-0.21027 -0.59518 0
-0.37063 0.13095 0
0.10999 0.18802 0
-0.18036 -0.53458 0
0.33069 0.23505 0
0.35718 -0.51108 0
-0.14133 0.20102 0
-0.39545 0.32828 0
-0.56854 -0.01492 0
0.2161 -0.56863 0
0.06937 -0.40793 0
-0.44882 0.01395 0
0.06717 0.02017 0
0.36905 0.31848 0
0.19046 -0.2633 0
0.00055 0.29892 0
-0.52652 -0.40826 0
0.05634 -0.08835 0
-0.23813 -0.46207 0
-0.20819 0.34223 0
0.08939 0.27564 0
0.27963 -0.43048 0
0.12128 -0.36822 0
-0.12115 0.24735 0
-0.46606 0.29373 0
0.00504 0.29306 0
0.0831 -0.53952 0
-0.21658 0.17319 0
-0.2507 -0.05896 0
0.18359 -0.03134 0
0.05267 0.19067 0
-0.56702 -0.50381 0
0.20081 -0.41418 0
-0.28293 -0.07934 0
-0.065 -0.13211 0
0.77712 0.97939 1
0.83721 1.07329 1
0.66521 0.73848 1
1.23687 1.33883 1
0.84191 0.68764 1
1.045 0.87569 1
0.93697 0.7856 1
1.08458 1.35177 1
1.44634 0.98226 1
1.30794 1.27388 1
0.65334 1.45174 1
1.04241 1.36403 1
0.7401 1.1686 1
0.96947 1.06975 1
0.90712 0.65435 1
0.93489 1.57729 1
0.94503 1.20949 1
1.12474 0.88817 1
1.51534 1.00451 1
1.51308 1.16625 1
1.35051 0.92482 1
1.57653 1.02977 1
1.15285 1.40697 1
0.67922 1.28518 1
0.7 1.06166 1
0.64315 1.54015 1
0.65468 0.94057 1
0.76766 0.96618 1
1.20705 0.75634 1
1.23659 1.09551 1
0.81942 1.55016 1
1.36541 1.31273 1
1.53338 0.65935 1
0.6863 1.0205 1
1.44146 0.87661 1
0.75664 1.23159 1
1.51259 1.02498 1
1.20638 0.67122 1
1.37581 0.66649 1
0.67995 0.84688 1
0.67296 0.78954 1
1.32994 1.06704 1
1.19741 0.97973 1
1.22545 1.05541 1
1.0187 1.52654 1
1.32961 1.2177 1
1.46068 1.36611 1
0.61229 1.00161 1
1.27684 1.30013 1
1.3326 1.39287 1
